1	0.493497	1.370195	0.142407
2	2.087638	1.536516	0.269812
3	1.827305	1.906963	0.253904
4	2.259057	1.811936	0.201777
5	1.006671	0.348900	0.220851
6	1.503570	0.281738	0.124406
7	1.259212	0.419012	0.139824
8	1.118398	-0.719483	0.031913
9	0.789252	-1.519252	0.003696
10	1.018249	-0.350308	0.170500
11	0.897413	-0.395503	0.021844
12	0.965868	0.027420	0.108131
13	3.271419	2.072937	0.143282
14	0.882734	1.739349	0.107798
15	1.292994	-0.321148	0.132222
16	1.284412	-0.001740	0.093338
17	1.584671	0.450937	0.200788
18	0.385141	0.347035	0.007373
19	1.611991	1.304943	0.210872
20	1.396413	1.174891	0.141762
21	1.742718	1.151743	0.188869
22	1.595928	1.096840	0.136967
23	1.463247	1.211603	0.103062
24	0.753875	1.692414	0.165863
25	1.424287	1.424193	0.151684
26	0.869083	0.399670	0.132096
27	1.797263	0.974025	0.178869
28	1.914713	0.866429	0.170747
29	1.745110	1.905459	0.205823
30	0.295034	0.780043	0.004705
31	1.439169	2.435901	0.188550
32	1.945591	2.383070	0.126415
33	1.925337	2.726388	0.129522
34	1.504440	2.786363	0.169972
35	1.035283	2.394998	0.209302
36	1.693836	2.379611	0.127251
37	2.486066	2.183750	0.176490
38	2.744494	1.965413	0.209356
39	1.131633	1.997359	0.170421
40	1.524856	1.717122	0.284304
41	2.786462	1.583259	0.178564
42	2.202997	1.183601	0.181290
43	1.228789	1.300495	0.307406
44	1.057810	0.940394	0.296592
45	1.130712	0.706466	0.180748
