1	0.493461	1.370137	0.142340
2	2.089856	1.536484	0.269832
3	1.829430	1.906546	0.253915
4	2.262029	1.811644	0.201789
5	1.006984	0.349346	0.220929
6	1.503811	0.282054	0.124424
7	1.259465	0.419326	0.139847
8	1.116275	-0.722316	0.029780
9	0.788406	-1.523163	0.000761
10	1.018620	-0.349534	0.170733
11	0.895330	-0.398981	0.019750
12	0.966065	0.027848	0.108196
13	3.278644	2.072272	0.143284
14	0.883128	1.739205	0.107809
15	1.293378	-0.320588	0.132370
16	1.284517	-0.001439	0.093341
17	1.585072	0.451280	0.200822
18	0.382232	0.328230	0.001720
19	1.613178	1.305060	0.210903
20	1.397047	1.175028	0.141778
21	1.743774	1.151927	0.188894
22	1.596556	1.097016	0.136977
23	1.463858	1.211725	0.103071
24	0.754183	1.692358	0.165885
25	1.425097	1.424216	0.151699
26	0.869300	0.400053	0.132152
27	1.798082	0.974269	0.178890
28	1.915449	0.866704	0.170766
29	1.747319	1.905036	0.205839
30	0.293423	0.764876	0.000984
31	1.441497	2.434712	0.188565
32	1.948625	2.381987	0.126417
33	1.932568	2.723818	0.129533
34	1.507292	2.784423	0.169977
35	1.036517	2.394056	0.209327
36	1.696225	2.378543	0.127255
37	2.490724	2.182910	0.176494
38	2.750391	1.964890	0.209367
39	1.132640	1.996912	0.170442
40	1.527668	1.716901	0.284368
41	2.789504	1.583183	0.178570
42	2.204413	1.183769	0.181304
43	1.229569	1.300629	0.307445
44	1.058328	0.940702	0.296650
45	1.131014	0.706760	0.180779
