1	0.534242	0.994331	0.043718
2	0.712404	1.933911	0.158870
3	1.215072	0.305793	0.074132
4	2.006521	1.912800	0.152589
5	0.758434	1.652695	0.119772
6	1.603380	1.686924	0.191512
7	2.197502	2.023853	0.246203
8	1.331242	1.115772	0.352970
9	0.863812	1.407915	0.221345
10	2.326951	1.629475	0.204786
11	1.209538	2.012088	0.149245
12	1.016697	1.975058	0.215258
13	2.108104	2.081634	0.236981
14	0.648490	0.073526	0.057607
15	1.409282	1.715704	0.153501
16	1.432892	2.562400	0.193173
17	0.887647	2.272071	0.131574
18	2.099035	1.949902	0.302052
19	0.951890	1.698243	0.185145
20	1.802290	1.956297	0.129323
21	2.173536	1.856665	0.171929
22	0.984199	2.018560	0.203437
23	2.419759	2.397224	0.260941
24	0.873873	2.127518	0.166616
25	2.167703	1.884406	0.139797
26	0.973647	2.177161	0.135632
27	1.855884	2.051903	0.190936
28	0.548779	3.521877	0.134718
29	1.054359	2.789100	0.168124
30	1.082499	2.601035	0.184415
31	0.392605	1.621600	0.091293
32	1.600969	2.478363	0.138909
33	1.729065	2.018792	0.184473
34	1.080340	2.176986	0.131435
35	1.440763	1.774313	0.198191
36	0.934754	2.167004	0.206367
37	0.610881	0.885278	0.076235
38	1.787602	1.883676	0.211210
39	0.984306	1.779452	0.218638
40	1.398349	1.737024	0.170906
41	1.058283	2.026785	0.159412
42	0.917861	1.481918	0.159924
43	1.443736	2.028836	0.187273
44	0.899671	1.882712	0.204078
45	1.630424	1.848763	0.255530
