1	0.887299	1.658498	0.368246
2	0.818182	0.000000	0.227273
3	0.928106	1.698109	0.382083
4	0.818182	0.000000	0.227273
5	0.308828	1.845937	0.130470
6	0.818182	0.000000	0.227273
7	0.411901	2.028538	0.109939
8	0.818182	0.000000	0.227273
9	0.624148	-0.169777	0.162541
10	0.818182	0.000000	0.227273
11	0.997203	0.160838	0.136388
12	0.818182	0.000000	0.227273
13	0.925208	0.177077	0.094257
14	0.818182	0.000000	0.227273
15	1.100537	0.104577	0.072393
16	0.818182	0.000000	0.227273
17	1.307345	0.116132	0.132604
18	0.818182	0.000000	0.227273
19	1.289523	0.363581	0.096955
20	0.818182	0.000000	0.227273
21	0.739275	0.704671	0.077737
22	0.818182	0.000000	0.227273
23	0.887607	0.905448	0.125827
24	0.818182	0.000000	0.227273
25	1.663943	2.216893	0.368284
26	0.818182	0.000000	0.227273
27	1.091009	2.217149	0.337519
28	0.818182	0.000000	0.227273
29	0.899424	0.564089	0.255860
30	0.818182	0.000000	0.227273
31	1.212892	0.961796	0.253920
32	0.818182	0.000000	0.227273
33	1.358425	1.213854	0.160532
34	0.818182	0.000000	0.227273
35	0.923173	1.345384	0.158643
36	0.818182	0.000000	0.227273
37	1.007788	1.149333	0.344254
38	0.818182	0.000000	0.227273
39	1.627805	1.201760	0.245470
40	0.818182	0.000000	0.227273
41	1.898309	1.104522	0.214609
42	0.818182	0.000000	0.227273
43	1.223761	1.230643	0.203952
44	0.818182	0.000000	0.227273
45	1.468946	1.279588	0.201213
