1	0.90642278	-1.34765991	0.20840716
2	0.47368382	-0.37126391	0.12126837
3	0.45470684	-1.17962273	0.20597856
4	0.57284555	-0.78592614	0.17658826
5	0.67735884	-1.21517687	0.30715208
6	0.61677070	-1.07078883	0.27892569
7	1.34504305	0.12021396	0.31724854
8	0.49279448	0.42272142	0.32126590
9	0.62557286	-0.63864897	0.14197853
10	0.90848769	-0.35334352	0.17384875
11	1.07184936	-0.77855185	0.10753426
12	0.62670587	-0.33510973	0.08711033
13	0.89796357	0.03977245	0.15531667
14	0.76497886	-0.27757902	0.09929436
15	1.14989595	0.56248282	0.32435392
16	0.88214012	0.57044451	0.24183224
17	0.65691804	0.93467450	0.25395663
18	0.84890532	-0.10552028	0.06821486
19	1.05980102	-0.12784071	0.19229194
20	0.87860165	0.39756378	0.15762069
21	0.36148246	2.50452193	0.21525481
22	0.82383097	-0.09008741	0.14261559
23	1.38427365	0.51973795	0.25699985
24	1.51655125	0.57996373	0.23520508
25	1.31081603	0.62018746	0.26828226
26	1.08859084	0.39323665	0.19360522
27	1.19699009	0.91075533	0.17765657
28	1.34326187	1.08424462	0.23796978
29	1.07622725	0.68297659	0.11747286
30	0.67101064	1.80316987	0.08054229
31	1.19024762	1.32363050	0.19095729
32	1.09686224	0.88616385	0.10729790
33	1.22495079	1.02946771	0.06528392
34	1.34452967	1.72410883	0.10238457
35	1.28444983	1.90818416	0.08282696
36	1.04398174	1.98712499	0.12906637
