001      0.721     -1.015     .267
002      0.546     -2.608     .139
003      0.724     -2.189     .172
004      0.923     -1.508     .142
005      0.611     -1.588     .093
006      0.701     -1.340     .176
007      0.703     -1.106     .274
008      0.469     -2.623     .154
009      0.591     -0.604     .186
010      0.581     -0.992     .167
011      1.247      0.658     .500
012      0.986     -0.645     .065
013      0.793     -1.885     .133
014      0.855     -1.327     .135
015      0.933     -1.109     .380
016      0.836     -0.554     .063
017      0.782     -0.279     .192
018      0.923     -0.092     .252
019      0.484      0.079     .126
020      1.091     -0.541     .231
021      0.670     -0.566     .113
022      0.905     -0.312     .126
023      0.706     -0.388     .063
024      0.753     -0.060     .134
025      1.129      0.089     .208
026      1.179     -0.181     .095
027      1.267      0.395     .194
028      0.875      0.143     .187
029      0.756      0.135     .082
030      0.802     -0.174     .163
031      1.635      0.278     .139
032      0.796      0.484     .152
033      1.218     -0.002     .123
034      0.967      0.198     .059
035      0.734      0.426     .153
036      1.228      0.784     .194
037      0.669      1.154     .316
038      0.882      1.314     .288
039      0.892      0.704     .072
040      0.663      1.453     .136
041      1.073      0.673     .090
042      0.613      0.570     .195
043      1.257      0.714     .224
044      1.521      0.781     .127
045      1.119      0.593     .166
046      1.445      0.879     .080
047      1.036      1.180     .165
048      0.993      1.536     .184
049      0.889      2.036     .227
050      1.134      1.154     .136
051      1.893      1.612     .184
052      1.005      1.289     .115
053      1.519      1.215     .151
054      1.241      1.883     .105
055      0.810      1.719     .151
056      1.496      1.942     .123
057      1.132      1.948     .097
058      0.864     -1.633     .153
059      0.962     -0.299     .481
060      0.923     -1.201     .263
061      0.584     -1.808     .172
062      0.805     -2.702     .175
063      0.981     -1.185     .176
064      0.766     -0.315     .261
065      0.541     -0.498     .224
066      0.774     -0.605     .169
067      1.212     -0.607     .095
068      0.695     -0.199     .083
069      0.780      0.273     .500
070      0.764     -0.329     .172
071      1.102     -0.392     .084
072      1.518      0.024     .195
073      0.602      0.329     .395
074      1.031     -0.894     .256
075      0.852     -0.462     .108
076      1.289      0.258     .176
077      1.292      0.291     .110
078      1.013      0.399     .127
079      0.565     -0.392     .103
080      1.148     -0.148     .206
081      1.199      1.063     .249
082      0.888      0.292     .251
083      0.862      0.031     .096
084      0.958      1.033     .354
085      1.029      0.260     .077
086      1.113      0.393     .220
087      0.723      1.176     .139
088      0.681     -0.841     .196
089      1.676     -0.230     .061
090      0.609      1.375     .050
091      1.092      0.683     .188
092      0.619      0.287     .170
093      0.896     -0.451     .098
094      0.801      1.568     .357
095      0.978      0.319     .072
096      0.907      0.552     .137
097      1.521      1.066     .281
098      0.579      0.255     .115
099      1.277      0.582     .137
100      1.162      1.192     .247
101      1.199      1.001     .196
102      0.812      1.681     .215
103      1.131      1.239     .190
104      1.367      0.896     .097
105      1.597      1.218     .207
106      1.397      2.088     .206
107      0.773      1.766     .168
108      2.185      1.460     .223
109      1.173      0.988     .115
110      0.910      1.930     .169
111      1.603      2.112     .160
112      1.010      1.918     .080
113      0.913      2.003     .122
114      1.592      2.140     .099
115      1.054      1.969     .137
116      0.577     -2.492     .175
117      0.673     -3.575     .195
118      0.619     -1.373     .147
119      0.989     -1.273     .500
120      1.104     -1.005     .160
121      1.148     -0.952     .166
122      0.530     -0.679     .313
123      0.571     -0.775     .248
124      0.660     -1.201     .200
125      0.896     -0.445     .064
126      0.994     -0.729     .199
127      0.569      0.673     .459
128      0.733     -0.520     .189
129      1.433     -0.543     .148
130      0.736      0.092     .260
131      0.761     -0.410     .075
132      0.577     -0.900     .112
133      0.664     -0.637     .161
134      0.659      0.080     .407
135      1.100     -0.121     .335
136      0.529     -0.071     .092
137      0.958      0.790     .289
138      1.074      0.002     .353
139      0.669     -0.804     .156
140      1.171      0.070     .243
141      1.024     -0.106     .213
142      0.442      0.103     .143
143      0.796      0.126     .174
144      0.980      0.791     .301
145      1.274     -0.215     .167
146      1.581     -0.019     .076
147      0.646     -0.329     .093
148      0.923      0.133     .235
149      0.828      0.732     .257
150      0.869     -1.002     .126
151      1.223      0.999     .229
152      1.538      0.743     .256
153      0.988      0.618     .207
154      1.043      1.249     .199
155      0.681      0.726     .122
156      1.363      1.001     .244
157      1.001      0.725     .144
158      0.986      1.005     .214
159      1.138      1.045     .185
160      0.880      1.386     .204
161      0.509      1.147     .107
162      0.621      1.436     .211
163      1.289      1.184     .168
164      0.829      1.071     .076
165      1.403      0.362     .117
166      1.258      1.414     .176
167      1.154      1.154     .148
168      0.869      2.032     .128
169      1.255      0.788     .133
170      0.668      2.821     .196
171      1.540      1.933     .145
172      1.163      1.406     .091
173      1.510      2.271     .134
174      1.841      1.990     .134
175      0.816      2.076     .163
176      0.814     -1.878     .143
177      0.563     -1.879     .223
178      0.649     -2.499     .176
179      0.422     -2.709     .160
180      0.710     -2.171     .174
181      0.620     -1.221     .178
182      0.810     -1.602     .133
183      0.484     -1.475     .286
184      0.999     -0.806     .417
185      0.897     -1.157     .224
186      0.969     -1.333     .102
187      0.717     -0.715     .225
188      1.242     -0.622     .133
189      0.867     -1.174     .122
190      0.881     -0.877     .183
191      0.777     -1.922     .153
192      1.012     -0.268     .358
193      0.979     -1.087     .133
194      1.492      1.144     .474
195      1.635     -0.045     .104
196      1.448      0.307     .306
197      0.946     -1.333     .167
198      1.021     -1.115     .127
199      0.594      0.004     .157
200      1.366      0.110     .051
201      0.921      0.174     .183
202      0.781     -0.535     .106
203      1.211      0.102     .200
204      0.929     -0.214     .199
205      1.193      0.337     .180
206      0.931      0.191     .268
207      1.162     -0.584     .180
208      0.767      0.254     .089
209      0.805      0.278     .200
210      0.995     -0.138     .146
211      0.883     -0.304     .072
212      0.652      0.026     .142
213      0.950      0.262     .111
214      1.281     -0.079     .134
215      1.102      0.856     .085
216      0.940      0.709     .202
217      0.697      2.021     .193
218      0.961      0.409     .278
219      0.680      0.967     .141
220      1.103      0.987     .096
221      0.783      1.571     .165
222      1.513      0.758     .040
223      1.646      0.795     .120
224      1.547      1.049     .160
225      1.197      0.688     .143
226      1.441      1.369     .195
227      1.487      1.438     .120
228      1.751      1.555     .177
229      1.405      1.455     .122
230      1.609      1.668     .096
231      0.939      1.820     .055
232      0.416     -2.683     .158
233      0.478     -2.026     .198
234      0.810     -1.352     .156
235      0.513     -1.806     .137
236      0.976     -1.161     .158
237      0.504     -1.996     .181
238      0.845     -0.942     .126
239      0.763     -1.214     .148
240      0.969     -0.599     .237
241      1.354     -0.547     .142
242      0.956     -0.646     .326
243      0.949     -0.417     .119
244      0.786     -1.130     .098
245      0.507     -0.629     .189
246      0.707     -0.648     .118
247      0.739      0.000     .344
248      1.134     -0.271     .300
249      0.536     -0.698     .096
250      1.004     -0.311     .180
251      0.799     -0.673     .117
252      0.502     -2.013     .148
253      0.858      0.027     .166
254      1.046     -0.202     .087
255      0.799     -0.173     .207
256      1.174     -0.163     .146
257      0.909      0.552     .312
258      0.737     -0.614     .107
259      0.887     -0.510     .106
260      1.091     -0.430     .165
261      0.814      0.316     .254
262      1.164     -0.493     .050
263      1.095      0.125     .174
264      1.021      0.346     .105
265      1.144      1.028     .364
266      0.709      0.291     .172
267      0.771      0.321     .234
268      0.959      0.108     .295
269      1.021      0.591     .139
270      1.006      0.686     .156
271      1.280      0.097     .180
272      0.955      0.427     .141
273      1.291      0.311     .186
274      1.697      0.161     .096
275      1.394      1.654     .340
276      0.939      0.862     .117
277      0.971      0.865     .146
278      1.342      1.000     .225
279      0.558      2.006     .075
280      0.822      1.803     .214
281      0.830      1.302     .148
282      1.486      1.446     .166
283      1.370      1.209     .158
284      1.132      0.935     .203
285      1.630      1.245     .147
286      1.759      1.250     .126
287      1.435      1.285     .079
288      1.305      1.651     .196
289      1.682      1.354     .102
290      1.546     -0.976     .172
291      0.785     -1.149     .207
292      0.818     -2.244     .184
293      0.530     -2.247     .210
294      0.527     -1.742     .140
295      0.961     -1.309     .136
296      0.720     -1.567     .131
297      1.085     -0.484     .258
298      0.936     -0.098     .425
299      0.740     -1.472     .219
300      0.763     -0.854     .169
301      0.540     -0.819     .132
302      1.143     -0.597     .176
303      1.015     -1.631     .087
304      0.723     -1.064     .119
305      1.228     -0.286     .134
306      0.722     -0.232     .204
307      0.520     -1.430     .120
308      0.889     -0.341     .202
309      1.214     -0.459     .264
310      0.713     -0.672     .060
311      0.982     -1.827     .146
312      0.492     -0.462     .131
313      1.030      0.125     .144
314      0.888     -0.049     .119
315      0.954     -0.549     .153
316      0.916      0.539     .246
317      0.961      0.250     .120
318      1.231      0.155     .256
319      0.791     -1.380     .149
320      1.348      0.117     .206
321      0.905      0.433     .250
322      0.746      0.281     .252
323      0.822      0.123     .194
324      0.879      0.146     .154
325      1.222      0.134     .095
326      1.399      0.691     .206
327      0.933     -0.065     .080
328      0.893      0.523     .141
329      1.100      0.468     .192
330      1.024      0.894     .147
331      0.950      0.339     .143
332      1.131      0.341     .067
333      1.011      0.573     .163
334      1.273      0.165     .072
335      0.969      0.175     .118
336      1.313      0.528     .072
337      1.190      0.601     .123
338      0.872      0.488     .093
339      2.346      0.400     .102
340      1.565      0.683     .092
341      1.396      0.677     .124
342      1.177      0.871     .072
343      1.285      1.053     .089
344      1.337      1.732     .185
345      0.748      1.834     .098
346      1.156      1.112     .029
347      1.136      1.530     .066
348      0.547     -3.664     .160
349      0.461     -2.217     .150
350      1.074     -1.456     .139
351      0.352     -1.635     .192
352      0.680     -1.108     .174
353      0.685     -1.365     .123
354      0.544     -2.334     .134
355      0.325     -2.374     .162
356      0.899     -0.814     .104
357      1.104     -0.593     .059
358      1.158     -0.606     .280
359      1.091     -0.358     .244
360      1.079     -0.247     .204
361      0.880     -0.456     .144
362      1.207     -0.894     .125
363      0.618     -0.984     .092
364      0.807     -0.299     .252
365      1.096     -0.112     .268
366      1.537     -0.371     .154
367      1.542     -0.034     .207
368      1.044     -0.764     .258
369      0.950     -0.159     .213
370      0.744     -0.552     .068
371      0.569     -0.001     .156
372      1.396     -0.145     .037
373      1.125     -0.281     .241
374      1.139      0.307     .259
375      0.721      0.072     .158
376      1.287      0.374     .154
377      0.489     -0.117     .264
378      0.906     -0.615     .110
379      0.664     -0.069     .098
380      1.169     -0.530     .157
381      1.389      0.333     .170
382      1.110      0.076     .126
383      0.792      0.347     .088
384      1.124      0.188     .138
385      0.720      0.732     .161
386      1.035      0.155     .091
387      1.218      0.735     .166
388      0.757      0.621     .153
389      1.986      1.159     .253
390      1.428      0.917     .180
391      1.126      0.069     .114
392      1.125      0.740     .160
393      1.118      0.870     .209
394      0.878      0.385     .120
395      1.409      0.678     .245
396      1.474      1.068     .093
397      1.269      0.884     .179
398      0.853      1.154     .059
399      1.470      1.442     .258
400      0.867      1.459     .177
401      1.110      0.816     .153
402      1.115      2.186     .139
403      1.409      1.311     .189
404      1.840      1.268     .096
405      1.016      1.383     .208
406      1.219      1.891     .095
407      1.792      1.701     .122
408      0.407     -2.513     .151
409      0.837     -1.464     .141
410      0.598     -2.324     .200
411      1.000     -1.534     .254
412      0.688     -1.811     .126
413      0.780     -1.861     .171
414      0.653     -2.273     .132
415      1.027     -1.098     .156
416      0.773     -1.179     .174
417      1.129     -0.638     .236
418      1.057     -0.664     .316
419      0.965     -0.923     .223
420      0.851     -0.915     .090
421      0.881     -0.895     .174
422      1.112     -1.359     .151
423      0.788     -1.514     .113
424      0.766     -0.803     .195
425      1.078     -0.519     .272
426      0.831     -0.411     .184
427      0.748      0.675     .448
428      1.393      0.108     .198
429      1.039     -0.400     .209
430      0.748     -0.393     .189
431      0.940     -0.107     .139
432      1.193     -0.269     .126
433      1.073     -0.573     .127
434      0.868     -0.639     .126
435      0.778      0.088     .131
436      0.970     -0.037     .077
437      1.077      0.075     .161
438      0.680      0.039     .340
439      1.415      0.315     .189
440      1.073      0.044     .162
441      1.041     -0.450     .039
442      1.345      0.259     .127
443      1.063      0.402     .241
444      1.371      0.375     .167
445      0.864      0.890     .224
446      1.097      0.614     .219
447      0.983      0.541     .194
448      1.316      0.628     .149
449      1.285      0.532     .092
450      1.104      0.223     .076
451      1.003      1.335     .241
452      1.737      0.503     .259
453      0.976      0.973     .095
454      1.002      0.988     .083
455      1.559      0.464     .115
456      1.453      0.930     .082
457      1.533      1.649     .197
458      1.890      0.822     .108
459      1.497      1.315     .235
460      0.903      1.502     .174
461      1.443      1.614     .241
462      1.143      1.520     .057
463      1.170      1.680     .117
464      1.091      1.530     .066
465      0.966     -2.149     .142
466      0.618     -1.669     .120
467      0.938     -1.090     .211
468      0.737     -1.539     .158
469      0.628     -2.259     .159
470      0.673     -3.342     .155
471      1.040     -0.888     .202
472      0.732     -0.735     .082
473      0.903     -1.112     .139
474      0.651     -1.026     .155
475      0.617     -1.470     .101
476      1.170      0.401     .482
477      0.845     -1.292     .224
478      0.906     -0.424     .186
479      1.233     -0.695     .162
480      1.408      0.031     .187
481      0.687     -0.261     .151
482      0.889     -1.079     .162
483      0.710     -2.150     .121
484      0.753     -0.825     .107
485      0.602     -0.362     .156
486      0.628     -1.065     .101
487      1.068      0.166     .295
488      1.637      0.663     .313
489      0.896     -1.039     .181
490      1.397      0.249     .182
491      1.578      0.330     .105
492      1.369      0.499     .336
493      1.141      0.558     .254
494      0.809      1.020     .199
495      0.701      0.673     .073
496      1.343      0.021     .072
497      0.889      0.581     .086
498      0.843      0.340     .163
499      0.918      0.390     .099
500      1.030      0.355     .138
501      1.085      0.066     .082
502      0.710      0.325     .147
503      1.248      0.408     .044
504      1.419      0.478     .082
505      1.335      0.719     .230
506      0.619      1.142     .076
507      1.285      0.858     .102
508      1.316      0.918     .189
509      1.189      1.414     .258
510      1.584      0.756     .185
511      1.374      1.052     .134
512      1.936      1.138     .159
513      1.454      1.333     .096
514      1.939      0.889     .083
515      1.333      0.847     .079
516      1.149      1.355     .129
517      1.070      2.650     .207
518      0.990      1.772     .132
519      1.227      2.298     .147
520      1.925      1.582     .087
