1	2.604929	1.424893	0.381010
2	3.593146	1.410277	0.385491
3	2.660397	1.602373	0.316073
4	2.848778	1.543718	0.247273
5	0.805961	0.166639	0.281955
6	1.366919	0.465701	0.238310
7	1.192087	0.579740	0.229724
8	1.083151	0.249180	0.125463
9	1.190526	0.252503	0.172919
10	1.117343	0.465040	0.115697
11	0.646081	0.625034	0.032133
12	0.835151	1.094743	0.162716
13	2.775583	1.782203	0.359831
14	1.123849	1.747650	0.302823
15	0.549704	-0.019864	0.001200
16	0.584286	0.622489	0.082161
17	0.947172	1.377046	0.149100
18	0.700135	1.391407	0.127917
19	0.588703	0.804635	0.205915
20	0.577339	1.061421	0.074072
21	0.612244	1.027699	0.058537
22	0.451988	1.022946	0.002557
23	0.704332	1.321900	0.106468
24	0.662369	1.541407	0.152741
25	0.445737	1.017230	0.002225
26	0.369954	0.991627	0.004779
27	0.463803	0.897388	0.002565
28	0.703169	1.346820	0.109497
29	3.655089	1.620549	0.369586
30	0.316187	1.895596	0.071023
31	0.922518	1.819881	0.159271
32	0.680245	1.300051	0.159667
33	1.510007	1.704652	0.167668
34	1.127293	1.855694	0.248023
35	1.051513	1.519369	0.243597
36	1.129724	1.466772	0.158893
37	2.357002	1.709988	0.187680
38	2.935378	1.655801	0.245535
39	2.234968	1.658252	0.297723
40	2.495215	1.571237	0.299022
41	3.528520	1.647109	0.209431
42	2.725700	1.554009	0.248446
43	2.025876	1.481563	0.249368
44	1.303546	1.368942	0.233218
45	3.007120	1.418786	0.304269
